y
y
u
2048876486858625053
2048876932524392927
2048877005740093823
2048877053697740932
2048877126926151860
2048877174871195819
2048877227115499791
2048877287748325847
2048877348368552143
2048877405029515516
2048877469886038285
2048877538940960863
2048877599578079536
2048877660143812612
2048877720797646891
2048877773092213221
2048877821116940655
2048877890834735301
2048877951433970119
2048878024658145450
2048878081092600048
2048878158112539130
2048878214588899589
2048878287758520825
2048878356750627175
2048878408944496708
2048878456981913816
2048878505044447546
2048878553241145365
2048878618076717277
2048878661936550368
2048878718425473378
2048878791603470776
2048878848113299769
2048878900324041033
2048878956817060061
2048879000639160580
2048879052812083574
2048879125960773655
2048879182323851572
2048879234492580337
2048879331100004644
2048879391669911803
2048879456518103320
2048879517163536838
2048879582011674700
2048879655172919761
2048879707391947227
2048879780557406675
2048879845342621820
2048879918508122514
2048879974900506854
2048880027111178531
2048880071017185569
2048880131637489866
2048880188071780420
2048880252819218938
2048880321853325799
2048880374059847907
2048880430699708553
2048880499809198244
2048880584433492443
2048880644995076541
2048880718202405000
2048880783096700947
2048880843687698726
2048880900096843792
2048880956518601106
2048881000365912299
2048881065184620574
2048881125796581767
2048881178086891916
2048881221892251871
2048881274094580060
2048881317941784898
2048881370198634891
2048881435071930421
2048881495729943014
2048881560540295318
2048881629578625307
2048881677636878682
2048881755508388250
2048881820343890017
2048881876761506072
2048881937327280291
2048882002158666126
2048882050137301305
2048882110782656524
2048882163186303305
2048882219654189375
2048882280366825785
2048882345437229256
2048882401854800235
2048882454069653659
2048882506267844637
2048882550131839260
2048882610777346513
2048882654666490330
2048882719552315731
2048882763336757556
2048882832391704788
2048882911353745855
2048882967720919302
2048883024213983415
2048883097442382257
2048883158129815706
2048883231370666011
2048883304536138130
2048883373570154532
2048883446802686026
2048883490712883692
2048883551341625439
2048883624578265225
2048883681008468146
2048883733227503693
2048883793872986499
2048883858666553680
2048883915084149003
2048883963486466344
2048884028317798438
2048884080503370213
2048884152666399160
2048884217489351094
2048884282287161810
2048884338763460711
2048884411979215120
2048884476802187407
2048884550051467286
2048884602291580937
2048884667085193528
2048884731908071713
2048884792587178025
2048884844810375608
2048884896974926108
2048884949215035564
2048885022451761297
2048885066294849760
2048885110108463381
2048885166500917555
2048885210281103685
2048885283538800759
2048885377998737600
2048885434563060181
2048885482583658551
2048885555916910596
2048885616528801937
2048885689719328979
2048885741934219552
2048885794115563977
2048885854790472182
2048885898599948573
2048885946649866469
2048885990421655818
2048886059376017664
2048886119958499436
2048886163805749294
2048886220252684561
2048886276687036540
2048886328943940073
2048886381389521370
2048886441925910560
2048886522863354076
2048886583521374472
2048886627414810751
2048886675510849901
2048886744507159008
2048886800937328832
2048886849071132989
2048886913881534855
2048886987151868254
2048887051962159365
2048887125152792859
2048887185722761465
2048887246636654811
2048887294690791437
2048887359513800995
2048914029348004093
2048914098390487220
2048914154837459123
2048914211200495788
2048914284428820492
2048914328225775680
2048914384593006736
2048914445448228931
2048914489337397293
2048914545763389761
2048914606463254964
2048914675556065649
2048914723626983707
2048914796788208115
2048914840635527176
2048914888689623433
2048914932545315062
2048914984802103737
2048915045422387508
2048915118671667231
2048915186845909302
2048915239039906002
2048915295415529773
2048915347605275092
2048915412432368050
2048915468875190297
2048915516908253343
2048915569085472816
2048915612911714634
2048915677797650468
2048915742612173021
2048915786463662379
2048915855489290552
2048915920228377047
2048915976490786827
2048916041317879817
2048916114529480889
2048916158397796842
2048916206397374479
2048916258587058346
2048916349230178654
2048916418293542934
2048916478897131674
2048916531170714011
2048916596039749894
2048916639933190503
2048916713153188277
2048916782162006115
2048916855373574258
2048916903431991363
2048916955642663074
2048917007903699298
2048917060156281050
2048917124970930225
2048917173079527850
2048917216872349991
2048917269066211429
2048917321310421332
2048917381872005271
2048917450956357702
2048917526504255705
2048917587082571900
2048917630917231093
2048917695735968099
2048917747963441298
2048917800190931135
2048917844382068860
2048917913432895668
2048917986673836230
2048918055653458177
2048918099471278466
2048918160083210500
2048918203951382722
2048918251997200485
2048918304216191148
2048918377452929148
2048918446470267289
2048918498676810217
2048918546701582511
2048918607326044229
2048918686229221695
2048918751022850445
2048918807528563138
2048918859747676354
2048918907768197568
2048918959991480721
2048919008146284765
2048919077297815762
2048919125393825897
2048919177566822906
2048919250841260078
2048919315672617087
2048919359461175565
2048919411642515887
2048919480655626697
2048919524448321541
2048919576684188136
2048919633240178937
2048919685480251829
2048919746184421662
2048919824487919981
2048919889369526514
2048919945837478346
2048920010715001082
2048920063005393024
2048920106814861445
2048920171604246830
2048937504712413198
2048937548622516674
2048937596710240380
2048937661533184015
2048937734753112165
2048937799567712387
2048937864436887626
2048937929226223747
2048937989817111024
2048938062986752309
2048938106796339295
2048938175838732687
2048938249083875531
2048938322178019477
2048938370211148050
2048938435046695032
2048938483092463637
2048938543758885064
2048938604387529127
2048938656585621967
2048938714940998096
2048938784029589944
2048938857190850857
2048938926145192373
2048938990993342603
2048939034840625476
2048939078687887793
2048939151853248953
2048939204089147456
2048939260515078620
2048939316953633189
2048939369122373918
2048939438160662613
2048939498768334984
2048939571979944232
2048939636769300862
2048939693237322145
2048939741270380893
2048939789240693073
2048939849831629097
2048939917234020425
2048939961047736512
2048940013283639451
2048940082317627900
2048940155600609727
2048940224684896609
2048940297892274632
2048940350136594709
2048940423369068587
2048940492428321202
2048940544685211773
2048940592772870629
2048940661714674029
2048940722326532341
2048940782950977706
2048940835161665964
2048940899921764430
2048940956272251177
2048941029559292345
2048941086010433784
2048941146748166269
2048941198983987330
2048941246987849858
2048941290671501492
2048941334489362830
2048941407692550460
2048941468275077251
2048941516337598555
2048941560117731344
2048941624961716245
2048941694054506987
2048941737843069312
2048941790041080046
2048941854868348989
2048941928079900781
2048941984434557356
2048942032471957834
2048942084565127610
2048942149388079498
2048942205814149566
2048942284260171983
2048942357517861299
2048942409757958341
2048942470357229793
2048942518319120470
2048942578901668321
2048942639513575615
2048942700054155734
2048942760649269303
2048942821256913036
2048942877720650192
2048942942648496321
2048942999074451928
2048943068066488534
2048943132914721208
2048943206008824151
2048943270789841145
2048943344076865540
2048943408849535071
2048943465229386232
2048943537153290318
2048943610444521724
2048943662697267214
2048943710663286895
2048943754506285476
2048943802489188736
2048943863075897402
u
2048876486858625053
2048876932524392927
2048877005740093823
2048877053697740932
2048877126926151860
2048877174871195819
2048877227115499791
2048877287748325847
2048877348368552143
2048877405029515516
2048877469886038285
2048877538940960863
2048877599578079536
2048877660143812612
2048877720797646891
2048877773092213221
2048877821116940655
2048877890834735301
2048877951433970119
2048878024658145450
2048878081092600048
2048878158112539130
2048878214588899589
2048878287758520825
2048878356750627175
2048878408944496708
2048878456981913816
2048878505044447546
2048878553241145365
2048878618076717277
2048878661936550368
2048878718425473378
2048878791603470776
2048878848113299769
2048878900324041033
2048878956817060061
2048879000639160580
2048879052812083574
2048879125960773655
2048879182323851572
2048879234492580337
2048879331100004644
2048879391669911803
2048879456518103320
2048879517163536838
2048879582011674700
2048879655172919761
2048879707391947227
2048879780557406675
2048879845342621820
2048879918508122514
2048879974900506854
2048880027111178531
2048880071017185569
2048880131637489866
2048880188071780420
2048880252819218938
2048880321853325799
2048880374059847907
2048880430699708553
2048880499809198244
2048880584433492443
2048880644995076541
2048880718202405000
2048880783096700947
2048880843687698726
2048880900096843792
2048880956518601106
2048881000365912299
2048881065184620574
2048881125796581767
2048881178086891916
2048881221892251871
2048881274094580060
2048881317941784898
2048881370198634891
2048881435071930421
2048881495729943014
2048881560540295318
2048881629578625307
2048881677636878682
2048881755508388250
2048881820343890017
2048881876761506072
2048881937327280291
2048882002158666126
2048882050137301305
2048882110782656524
2048882163186303305
2048882219654189375
2048882280366825785
2048882345437229256
2048882401854800235
2048882454069653659
2048882506267844637
2048882550131839260
2048882610777346513
2048882654666490330
2048882719552315731
2048882763336757556
2048882832391704788
2048882911353745855
2048882967720919302
2048883024213983415
2048883097442382257
2048883158129815706
2048883231370666011
2048883304536138130
2048883373570154532
2048883446802686026
2048883490712883692
2048883551341625439
2048883624578265225
2048883681008468146
2048883733227503693
2048883793872986499
2048883858666553680
2048883915084149003
2048883963486466344
2048884028317798438
2048884080503370213
2048884152666399160
2048884217489351094
2048884282287161810
2048884338763460711
2048884411979215120
2048884476802187407
2048884550051467286
2048884602291580937
2048884667085193528
2048884731908071713
2048884792587178025
2048884844810375608
2048884896974926108
2048884949215035564
2048885022451761297
2048885066294849760
2048885110108463381
2048885166500917555
2048885210281103685
2048885283538800759
2048885377998737600
2048885434563060181
2048885482583658551
2048885555916910596
2048885616528801937
2048885689719328979
2048885741934219552
2048885794115563977
2048885854790472182
2048885898599948573
2048885946649866469
2048885990421655818
2048886059376017664
2048886119958499436
2048886163805749294
2048886220252684561
2048886276687036540
2048886328943940073
2048886381389521370
2048886441925910560
2048886522863354076
2048886583521374472
2048886627414810751
2048886675510849901
2048886744507159008
2048886800937328832
2048886849071132989
2048886913881534855
2048886987151868254
2048887051962159365
2048887125152792859
2048887185722761465
2048887246636654811
2048887294690791437
2048887359513800995
2048914029348004093
2048914098390487220
2048914154837459123
2048914211200495788
2048914284428820492
2048914328225775680
2048914384593006736
2048914445448228931
2048914489337397293
2048914545763389761
2048914606463254964
2048914675556065649
2048914723626983707
2048914796788208115
2048914840635527176
2048914888689623433
2048914932545315062
2048914984802103737
2048915045422387508
2048915118671667231
2048915186845909302
2048915239039906002
2048915295415529773
2048915347605275092
2048915412432368050
2048915468875190297
2048915516908253343
2048915569085472816
2048915612911714634
2048915677797650468
2048915742612173021
2048915786463662379
2048915855489290552
2048915920228377047
2048915976490786827
2048916041317879817
2048916114529480889
2048916158397796842
2048916206397374479
2048916258587058346
2048916349230178654
2048916418293542934
2048916478897131674
2048916531170714011
2048916596039749894
2048916639933190503
2048916713153188277
2048916782162006115
2048916855373574258
2048916903431991363
2048916955642663074
2048917007903699298
2048917060156281050
2048917124970930225
2048917173079527850
2048917216872349991
2048917269066211429
2048917321310421332
2048917381872005271
2048917450956357702
2048917526504255705
2048917587082571900
2048917630917231093
2048917695735968099
2048917747963441298
2048917800190931135
2048917844382068860
2048917913432895668
2048917986673836230
2048918055653458177
2048918099471278466
2048918160083210500
2048918203951382722
2048918251997200485
2048918304216191148
2048918377452929148
2048918446470267289
2048918498676810217
2048918546701582511
2048918607326044229
2048918686229221695
2048918751022850445
2048918807528563138
2048918859747676354
2048918907768197568
2048918959991480721
2048919008146284765
2048919077297815762
2048919125393825897
2048919177566822906
2048919250841260078
2048919315672617087
2048919359461175565
2048919411642515887
2048919480655626697
2048919524448321541
2048919576684188136
2048919633240178937
2048919685480251829
2048919746184421662
2048919824487919981
2048919889369526514
2048919945837478346
2048920010715001082
2048920063005393024
2048920106814861445
2048920171604246830
2048937504712413198
2048937548622516674
2048937596710240380
2048937661533184015
2048937734753112165
2048937799567712387
2048937864436887626
2048937929226223747
2048937989817111024
2048938062986752309
2048938106796339295
2048938175838732687
2048938249083875531
2048938322178019477
2048938370211148050
2048938435046695032
2048938483092463637
2048938543758885064
2048938604387529127
2048938656585621967
2048938714940998096
2048938784029589944
2048938857190850857
2048938926145192373
2048938990993342603
2048939034840625476
2048939078687887793
2048939151853248953
2048939204089147456
2048939260515078620
2048939316953633189
2048939369122373918
2048939438160662613
2048939498768334984
2048939571979944232
2048939636769300862
2048939693237322145
2048939741270380893
2048939789240693073
2048939849831629097
2048939917234020425
2048939961047736512
2048940013283639451
2048940082317627900
2048940155600609727
2048940224684896609
2048940297892274632
2048940350136594709
2048940423369068587
2048940492428321202
2048940544685211773
2048940592772870629
2048940661714674029
2048940722326532341
2048940782950977706
2048940835161665964
2048940899921764430
2048940956272251177
2048941029559292345
2048941086010433784
2048941146748166269
2048941198983987330
2048941246987849858
2048941290671501492
2048941334489362830
2048941407692550460
2048941468275077251
2048941516337598555
2048941560117731344
2048941624961716245
2048941694054506987
2048941737843069312
2048941790041080046
2048941854868348989
2048941928079900781
2048941984434557356
2048942032471957834
2048942084565127610
2048942149388079498
2048942205814149566
2048942284260171983
2048942357517861299
2048942409757958341
2048942470357229793
2048942518319120470
2048942578901668321
2048942639513575615
2048942700054155734
2048942760649269303
2048942821256913036
2048942877720650192
2048942942648496321
2048942999074451928
2048943068066488534
2048943132914721208
2048943206008824151
2048943270789841145
2048943344076865540
2048943408849535071
2048943465229386232
2048943537153290318
2048943610444521724
2048943662697267214
2048943710663286895
2048943754506285476
2048943802489188736
2048943863075897402
2048943936249692517
2048943992663097517
2048944049118466079
2048944093024436479
2048944149404303699
2048944222599029210
2048944270514774040
2048944318669611515
2048944387695251592
2048944456662225399
2048944521497763899
2048944577978171830
2048944651256856652
2048944728666943795
2048944801907900515
2048944862561743345
2048944918991884782
2048944983810695279
2048945048650482071
2048945109241418052
2048945161456296171
2048945213666938991
2048945278473183580
2048945322303565893
2048945370303287491
2048945439307858218
2048945487303291097
2048945535730823429
2048945608904622105
2048945677959647611
2048945738584084509
2048945786541752813
2048945834541342935
2048945912463216865
2048945981459505396
2048946037902242058
2048946081749479430
2048946125609259396
2048946194546823374
2048946242529669188
2048946299052134852
2048946342949773728
2048946407760089406
2048946476861284734
2048946529109778867
2048946577168077243
2048946641995215310
2048946710987374705
2048946771557233065
2048946819640819925
2048946880470794260
2048946953619386383
2048947005846909302
2048947072062419029
2048947124285608211
2048947172260131130
2048947228698628304
2048947301889245564
2048947371086839960
2048947427512819713
2048947483964026970
2048947536162136085
2048947600947331561
2048947669989786014
2048947739032166848
2048947782833389802
2048947856074285541
2048947920943341988
2048947964773847181
2048948025427743226
2048948073540505652
2048948134181839101
2048948194835656913
2048948255179116558
2048948324225704195
2048948389027729638
2048948453796204646
2048948506036261017
2048948554010710500
2048948618779078700
2048948666841616883
2048948731601691127
2048948796382687551
2048948844453666980
2048948905451442521
2048948978637848934
2048949022459834450
2048949091489690103
2048949156266512756
2048949229436149784
2048949290081686012
2048949338110640373
2048949386953302049
2048949458743046598
2048949506704863467
2048949563080495291
2048949615274442878
2048949671721353438
2048949732337406056
2048949788708933926
2048949832518344959
2048949884741714007
2048949941134053519
2048950014400237636
2048950062508888571
2048950114706989066
2048950175264342326
2048950244290023600
2048950317522596249
2048950373965312063
2048950438800793672
2048950486884335980
2048950543264215509
2048950615578148986
2048950676206842146
2048950732637036836
2048950797501915388
2048950849754591410
2048950902011425119
2048950950048768511
2048950997985481163
2048951058597335468
2048983055260635296
2048983128384192733
2048983188975075714
2048983257883242994
2048983301621428458
2048983354113155228
2048983397691982128
2048983449860784409
2048983522896134626
2048983566516953132
2048983618664755429
2048983683458285740
2048983739800367200
2048983787623841846
2048983856477606058
2048983916820971897
2048983985662095765
2048984041920270721
2048984115056365952
2048984167153901704
2048984218693513608
2048984287496810882
2048984352202297796
2048984425292259330
2048984498583597167
2048984559317045605
2048984632448979118
2048984676132643092
2048984741324681617
2048984806005092630
2048984853862133867
2048984922719949298
2048984966546231800
2048985035479642334
2048985087560364260
2048985160692257197
2048985212819066882
2048985269085630887
2048985321225007520
2048985369207857465
2048985460840833390
2048985521230414178
2048985577471779293
2048985629502079061
2048985677514289532
2048985729536237910
2048985785769320500
2048985846389567720
2048985894393438716
2048985967470772695
2048986019522081231
2048986071606993159
2048986128095871371
2048986188531560841
2048986253253857512
2048986326272496075
2048986369872265217
2048986434611413388
2048986486809460836
2048986551540211749
2048986626010100077
2048986699045519771
2048986742762754403
2048986795036357092
2048986859641209290
2048986911684079625
2048986980844003519
2048987037202804738
2048987097579876613
2048987157973569706
2048987210083668149
2048987274776555709
2048987335208128681
2048987383035805878
2048987447682531806
2048987520751550896
2048987577030738196
2048987624996806692
2048987681288581600
2048987724938674589
2048987794555703752
2048987859353575544
2048987924042277168
2048987992916967719
2048988049309319398
2048988093114724631
2048988162094166230
2048988226762019088
2048988299734417587
2048988347646050702
2048988416663326919
2048988489858097483
2048988562880864721
2048988623404724240
2048988675623788633
2048988727771607427
2048988792670065013
2048988844738154643
2048988913629634911
2048988961687961804
2048989040847069519
2048989109704855597
2048989170270659055
2048989243339575673
2048989312273035772
2048989368510214146
2048989424839762321
2048989493743759460
2048989562593271824
2048989610458701934
2048989663151722721
2048989736363335910
2048989792583794890
2048989865606578211
2048989913518072013
2048989978215272627
2048990042908160050
2048990095345439040
2048990160000528850
2048990216522965177
2048990294386077892
2048990354914091464
2048990419607027805
2048990488536191366
2048990548925821219
2048990605196607649
2048990678412337292
2048990743092711510
2048990799334125600
2048990855663591674
2048990928711643302
2048990985145971168
2048991028859011133
2049009570132209959
2049009613841043488
2049009674545168563
2049009722523799750
2049009783055986689
2049009851884556449
2049009916661383640
2049009964493230459
2049010037641904461
2049010085570240844
2049010129472020508
2049010177341583790
2049010237840204058
2049010302835146922
2049010363346399527
2049010427972264261
2049010484259774822
2049010528010506285
2049010580082864308
2049010632092250361
2049010720483029355
2049010772584583276
2049010837432746179
2049010893728706685
2049010966738919576
2049011010418466889
2049011075400847443
2049011127628279813
2049011188219158898
2049011252857647583
2049011305068294186
2049011374039449783
2049011430394155262
2049011478280507613
2049011538774897134
2049011582555038065
2049011634711171283
2049011691053293894
2049011755842716070
2049011803750023328
2049011875820757139
2049011949040758856
2049011996943945912
2049012061641072951
2049012109514809368
2049012153177563206
2049012201097486427
2049012253257806043
2049012305720143911
2049019706817052830
2049019763079451107
2049019831945675010
2049019900723908861
2049019948631294156
2049020000737116588
2049020061307011304
2049020121847587232
2049020178089103383
2049020221768511667
2049020290655826056
2049020338563137599
2049020403268698564
2049020463687651533
2049020536769085829
2049020605752811901
2049020653584761034
2049020701496180869
2049020753782403293
2049020810195820834
2049020887484244226
2049020952059707434
2049021008213168361
2049021060306321736
2049021125011943821
2049021185619636415
2049021229278138628
2049021272928157943
2049021337629573456
2049025299191624162
2049025342816534534
2049025415839465653
2049025467869782238
2049025532579496347
2049025601428935057
2049025653505458291
2049025726536716512
2049025787073016249
2049025851761848398
2049025899782459869
2049025951934390285
2049026024965570569
2049026089549455408
2049026154187886889
2049026202023977139
2049026270823063895
2049026343766290660
2049026395817615655
2049026447898182041
2049026512876441608
2049026586004037874
2049026633823400047
2049026707362034035
2049026771996360894
2049026845019173359
2049026901235351704
2049026944898159014
2049026988611125676
2049027053333455067
2049027118047363141
2049027174393622778
2049027230605664739
2049027286822011115
2049027343096963559
2049027390899409102
2049027464010338597
2049027532855648509
2049027601860296765
2049027666549039185
2049027744085004636
2049027796136280288
2049027856563646531
2049027925736038715
2049027990525501929
2049028059387527190
2049028119827526080
2049028180267430374
2049028223955309048
2049028288581099599
2049028332206051721
2049028380104982592
2049028440549196119
2049028513714594251
2049028557452739025
2049028630475628845
2049028686754808109
2049028743084290324
2049028795257270468
2049028847497355298
2049028934852137153
2049028978615488929
2049029034823332191
2049029099407212608
2049029164108571086
2049029232966467585
2049029293523820812
2049029354072777119
2049029414495875123
2049029458074751102
2049029506200129931
2049029566698860554
2049029610290164218
2049029670793044112
2049029731199398105
2049029787403034994
2049029835218161976
2049029899831439678
2049029964469813641
2049030037496869365
2049030100734361913
2049030144329965640
2049030208976728132
2049030282008002906
2049030325737754855
2049030369668973048
2049030434298958042
2049030490636841406
2049030551538196689
2049030603564360036
2049030659830939693
2049030712431685968
2049030785571922036
2049030841800769675
2049030898033791438
2049030971031466182
2049031035703398506
2049031108948599271
2049031177743556851
2049031250787414282
2049031332697882721
2049031376331321789
2049031436787925435
2049031509945040896
2049031553645519227
2049031626752131510
2049031679231340604
2049031747996975221
2049031812715020538
2049031873163301136
2049031921091694827
2049031981602865404
2049032054730584238
2049032127782760757
2049032184053506218
2049032227951157332
2049032284217745596
2049032336176746943
2049032392355270957
2049032461250855330
2049032531958468777
2049032592394264907
2049032652939022378
2049032700884042124
2049032748741140876
2049032821768167833
2049032865367851038
2049032917427630108
2049032986264588456
2049033059371254108
2049033115574976549
2049033159199834568
2049053285689266441
2049053329322647977
2049053394011398498
2049053467118096666
2049053514983514159
2049053562832125967
2049053636039471610
2049053688501805503
2049053732164546691
2049053780092862755
2049053832156692698
2049053888482079169
2049053953225314561
2049054022322295021
2049054066014359915
2049054130615017592
2049054182628606364
2049054251398414396
2049054307698483501
2049054359804379368
2049054512896450976
2049054883891011968
2049054952631456031
2049055025671065904
2049055090301153291
2049055146534212038
2049055207091585473
2049055250783601122
2049055311294820735
2049055371898286524
2049055436637421831
2049055480333627902
2049055523966976038
2049055584406925697
2049055644892975492
2049055701205656005
2049055757442953618
2049055805308273007
2049055853115036099
2049055937202438342
2049055997654868144
2049056049756574090
2049056097718387118
2049056166626681244
2049056239691411685
2049056296020894177
2049056369119297640
2049056438023320059
2049056502678532491
2049056554721431653
2049056598388297966
2049056663005794794
2049056710883692555
2049056779783569899
2049056827607073192
2049056900671828098
2049056965628932218
2049057030380683552
2049057099230142518
2049057160324341928
2049057208198168640
2049057264531866013
2049057320857121199
2049057381343215713
2049057429263093923
2049057502290158079
2049057566999843163
2049057627490115740
2049057671169589591
2049057731622162570
2049057796411519165
2049057869476380919
2049057921619922989
2049057966016639116
2049058022367142383
2049058095566033405
2049058143720915273
2049058187425530117
2049058247928418706
2049058326517006427
2049058382729077168
2049058430615437395
2049058482587119755
2049058526287573271
2049058586777747479
2049058638946500813
2049058703639523438
2049058772493144065
2049058824561283305
2049058897688953071
2049058966630744214
2049059027116814416
2049059070678880462
2049059131190100438
2049059200052187572
2049059256369021311
2049059304456814881
2049059369187442967
2049059438074773695
2049059517699436998
2049059573982744903
2049059621944602860
2049059674021151069
2049059734519689463
2049059799200047380
2049059863821775044
2049059932528668829
2049059993002148320
2049060036689932768
2049060105577214128
2049060149407715466
2049060193062011120
2049060249320165595
2049060309802037432
2049060361845060026
2049060422377177158
2049060482917818566
2049060551859621891
2049060599901147311
2049060685292982582
2049060754196930762
2049060797863829672
2049060858316394665
2049060906370552211
2049060950020685994
2049061014822596847
2049061075380060523
2049061148373483928
2049061221442420856
2049061282230485182
2049061355173609802
2049061407296303365
2049061472266063937
2049061536904438184
2049061597482758373
2049061657884917761
2049061718438051918
2049061787329556720
2049061860381729143
2049061936160260576
2049062005081092284
2049062069790794038
2049062138640253295
2049062199067607165
2049062255363530894
2049062303195414642
2049062355221487717
2049062415623721420
2049062471894446241
2049062519692783616
2049062580225012116
2049062644930449549
2049062701260067162
2049062753319711231
2049062797036904926
2049062840896795118
2049062913999331512
2049062961931829625
2049063018185765090
2049063094849306762
2049063142668595296
2049063194828894455
2049063247001927731
2049063299074211980
2049063346964775028
2049063415776412079
2049063476237340777
2049063536660504972
2049063609708507491
2049063665916346460
2049063718173163578
2049063766038589852
2049063834829344925
2049063878609502716
2049063930740543498
2049064003750793246
2049064072658960741
2049064141537886341
2049064206121697457
2049064277248802968
2049064333657952499
2049064402515878089
2049064475622559950
2049064536087601566
2049064592379359263
2049064640467107920
2049064701058060295
2049064753260274126
2049064813742166357
2049064886739894390
2049064934768877604
2049064982672023992
2049065043216752781
2049065107901317549
2049065176826355842
2049065228881768785
2049065293557936373
2049065345751920782
2049065406263165212
2049065492112093256
2049065560986837311
2049065625662935211
2049065694470553651
2049065738150019286
2049065790276870631
2049065859327590856
2049065932463763660
2049065980354335188
2049066041003946046
2049066093155856758
2049066162886230210
2049066223552671972
2049066288631439452
2049066349188837700
2049066405774156138
2049066479245779023
2049066531490030053
2049066592080920676
2049066661060485352
2049066729557594239
2049066802869911805
2049066847547646202
2049066912353775645
2049066981274636782
2049067050140860746
2049067119053255130
2049067167090712644
2049067235998839135
2049067296669458817
2049067361429602307
2049067426323820744
2049067474218627207
2049067543101600033
2049067607924642243
2049067672655302844
2049067737407009234
2049067797926592929
2049067845959700782
2049067906538021340
2049067985365791196
2049068050125820306
2049068098079297902
2049068166903664647
2049068214811046043
2049068275347448133
2049068340107493769
2049068404901130386
2049068461339639961
2049068521808900421
2049068565542973764
2049068634543423693
2049068682387845385
2049068742940963294
2049068807969493471
2049068864391250418
2049068929096826911
2049068989582844023
2049069058558235069
2049069106557792653
2049069180994134220
2049069254088200312
2049069314603622724
2049069375085539436
2049069418878321124
2049069479490122029
2049069548469649732
2049069596385386805
2049107276150288754
2049107345180069964
2049107393171321108
2049107466324267345
2049107539867087269
2049107612973850823
2049107665159340285
2049107717382697396
2049107790543884703
2049107851336122498
2049107907732795504
2049107964058124751
2049108011952820347
2049108072522830223
2049108124792205396
2049108181239107856
2049108225077952516
2049108289884139930
2049108346264007059
2049108415197425950
2049108470482473397
2049108514392682800
2049108587553985016
2049108652406223051
2049108696580730897
2049108761403621699
2049108822007107901
2049108895164211526
2049108968614825999
2049109041734111335
2049109098160066950
2049109146277138730
2049109206893281736
2049109267458986420
2049109328309977148
2049109372161360338
2049109445372957102
2049109493309661649
2049109558128484429
2049109606182592641
2049109679448662066
2049109727570010330
2049109801054130299
2049109853571055933
2049109905668464672
2049109961993765287
2049110005736190186
2049110078905860320
2049110122757287992
2049110183360741859
2049110256681357338
2049110317268099128
2049110377938780285
2049110451137696162
2049110499128950796
2049110555622027679
2049110603550355885
2049110672471150689
2049110733183676444
2049110798279352411
2049110870417084663
2049110935265259725
2049110987639570603
2049111035710476480
2049111083827519775
2049111136071766208
2049111209245606392
2049111274236285167
2049111330771406949
2049111383011434775
2049111426816717177
2049111499986362871
2049111565023183228
2049111629821002034
2049111690353295417
2049111742580736146
2049111786637668753
2049111847199199338
2049111920339452134
2049111964086079810
2049112051134640513
2049112111813644718
2049112168394826007
2049112233339392491
2049112293909414021
2049112350532448525
2049112406945927637
2049112467704558017
2049112520074686860
2049112584960549091
2049112649800220871
2049112706322780448
2049112750094442500
2049112802254844092
2049112854557761913
2049112923763876165
2049112976016417139
2049113049282519252
2049113101476544893
2049113157885693957
2049113221714551242
2049113282292945377
2049113355483558124
2049113420344299673
2049113468570341817
2049113516519686431
2049113564569632800
2049113633498804351
2049113706727145605
2049113755146244255
2049113807503626662
2049113864147722637
2049113937430691903
2049114010642231563
2049114058625081812
2049114127587852367
2049114201076220068
2049114257883812011
2049114314683134240
2049114387806662981
2049114465904591117
2049114514281619494
2049114562486820876
2049114623006462279
2049114683689640291
2049114756825612430
2049114800719118804
2049114869748928914
2049114917714940150
2049114970072465588
2049115026615840876
2049115074594500853
2049115126729756840
2049115178856521776
2049115231121809793
2049115287451234401
2049115356418265257
2049115400361976137
2049115469337215279
2049115542540414999
2049115628339105962
2049115676284252225
2049115745431535648
2049115805967843491
2049115858061123936
2049115910276079718
2049115958363730309
2049116014722646188
2049116071253393567
2049116127633215600
2049116171598025100
2049116236408312008
2049116284340859331
2049116332407537869
2049116380306555082
2049116428306088045
2049116472027615331
2049116515828731952
2049116584934051910
2049116649912254857
2049116725246083147
2049116769089106343
2049116826039455866
2049116878367555776
2049116926522323247
2049116999742374008
2049117043623117114
2049117095955480885
2049117148069629959
2049117200360063391
2049117273600991353
2049117334183526486
2049117394900230175
2049117451309416906
2049117524529381395
2049117568347394240
2049117616363724848
2049117668654096739
2049117729219846348
2049117781380239404
2049117872874762512
2049117929355260061
2049117994144747688
2049118067280818648
2049118111073440083
2049118171597271124
2049118219634721245
2049118272076001785
2049118316204376312
2049118372684845467
2049118446294843399
2049118490095939725
2049118551144046807
2049118599122739444
2049118651278901668
2049118720287781064
2049118764084707795
2049118807869022403
2049118872570298769
2049118916350464057
2049118998256840865
2049119050492731422
2049119111180144923
2049119167568310639
2049119232441676002
2049119305762287941
2049119362322505833
2049119419071332445
2049119479645511793
2049119523362820394
2049119596909887534
2049119645068820725
2049119693366288888
2049119766603051047
2049119839835591086
2049119908865491298
2049119977958248461
2049120038599430147
2049120094941499703
2049120159886168185
2049120220808458585
2049120273652424983
2049120334360822220
2049120382565937516
2049120426387988523
2049120495472349659
2049120556071768452
2049120629287477291
2049120673046655435
2049120734224728340
2049120807696367881
2049120880933154933
2049120929473798330
2049120985849491575
2049121050756276587
2049121124047532114
2049121188891496729
2049121249591460334
2049121301810581784
2049121354042278260
2049121424867262892
2049121472833351844
2049121546070065171
2049121590517088601
2049121642715209905
2049121694951018682
2049121768061980909
2049121816174793160
2049121881186537476
2049121925008678951
2049121969329864859
2049122022089982408
2049122090989805980
2049122155670200822
2049122228835672443
2049122285253214248
2049122341599498732
2049122414743982246
2049161664067768711
2049161721332613258
2049161777800528097
2049161826043412491
2049161890908303533
2049161956146528761
2049162009108005236
2049162074169942123
2049162147591266394
2049162221163626602
2049162269339402584
2049162322363711879
2049162383734788386
2049162453041451311
2049162497853473042
2049162571786375476
2049162620553642490
2049162673078911133
2049162746319827351
2049162800979902565
2049162879581175846
2049162923541774787
2049162971553972347
2049163024150544631
2049163095726235758
2049163157093175326
2049163213850525754
2049163257886523873
2049163319609819518
2049163371921260796
2049163432491204807
2049163505899913413
2049163563068277193
2049163624049262963
2049163673156174227
2049163742378926094
2049163794937790786
2049163858158539210
2049163932456366542
2049164001834385808
2049164080125227375
2049164147318046759
2049164203718762918
2049164260522238170
2049164313206944127
2049164357238743245
2049164401690001700
2049164456287257082
2049164505075372259
2049164578500886530
2049164635224625540
2049164691952595094
2049164736043139232
2049164810269692150
2049164879387652268
2049164949432471624
2049165022967087578
2049165071931281868
2049165137106682229
2049165181163651514
2049165259660046726
2049165333890793539
2049165399481368692
2049165456511263027
2049165509267235323
2049165570290205067
2049165639596884225
2049165687927848990
2049165731976347915
2049165775660048835
2049165845000339959
2049165888914702703
2049165962105307222
2049166035170083247
2049166079218663785
2049166153407512876
2049166214400975084
2049166279630860607
2049166353932964289
2049166397717241952
2049166460371775737
2049166504579797027
2049166573626442007
2049166646863130773
2049166720368361563
2049166793877660065
2049166842632323176
2049166911557276137
2049179232849256536
2049179306526462135
2049179364252598330
2049179412738850948
2049179473702998267
2049179547375976957
2049179595765621248
2049179652611010981
2049179705501155752
2049179775042740446
2049179841480577237
2049179903371694122
2049179976893689994
2049180038029852893
2049180090534080692
2049180164395847985
2049180237871649223
2049180294628975002
2049180343102493135
2049180408521130131
2049180474661015571
2049180535746932928
2049180592512594073
2049180662129680570
2049180735664267492
2049180809223921772
2049180870326603951
2049180927331328198
2049181000815522122
2049181050518077471
2049181095875183069
2049181144323703197
2049181213668016324
2049181266415604021
2049181331658084578
2049181375769510223
2049181419994239195
2049181476726423737
2049181521597075911
2049181586793332752
2049181677084082477
2049181746638311839
2049181820458009077
2049181865341288553
2049181922094412271
2049181991401079000
2049182062670737488
2049182111140041123
2049182163598197102
2049182232904892434
2049182293839777977
2049182338181968299
2049182394951897558
2049182460034891827
2049182529643561408
2049182594923741284
2049182643460121063
2049182704483111404
2049182748573614101
2049182822137462905
2049182912994533463
2049182987548312039
2049183044511088738
2049183108021330240
2049183173641228597
2049183230583074938
2049183307191943549
2049183429057454588
2049184792684499370
2049184858006851585
2049184927099527395
2049184996217573598
2049185056858792289
2049185100840194531
2049185165747097957
2049185230536536097
2049185289537806455
2049185363546296385
2049185432618082452
2049185493422927901
2049185562570129614
2049185606442610913
2049185667134246968
2049185732103942401
2049185775951245771
2049185849389297855
2049185918771511793
2049185979467198509
2049186044453728710
2049186092637884546
2049186153388204136
2049186197243875486
2049186241221103919
2049186302005055657
2049186358481346606
2049186427574063287
2049186524076638670
2049186580678820129
2049186654091710796
2049186702221344885
2049186767170101518
2049186828008534217
2049186897243902140
2049186958098968831
2049187022980669741
2049187066861502588
2049187110918504831
2049187171626856772
2049187232347836635
2049187276337635621
2049187341303222704
2049187414732882170
2049187471226032450
2049187540503331180
2049206555607020004
2049206607738007793
2049206680869847043
2049206733021843469
2049206797773520978
2049206858351866026
2049206923099283828
2049206987829989528
2049207031580840202
2049207100543558069
2049207156847845421
2049207221540864153
2049207282060444015
2049207325765067188
2049207390541844847
2049207434191962290
2049207498872373483
2049207546817462742
2049207590555680876
2049207634293838056
2049207704691020051
2049207765319725534
2049207830138474498
2049207895242453008
2049207968407928940
2049208041552453737
2049208115728699887
2049208184708145304
2049208228429594784
2049208297375629718
2049208366279590255
2049208422646899142
2049208470545863004
2049208535318425853
2049208600091046165
2049208673160003654
2049208721109360886
2049208790084616365
2049208850625310978
2049208915339235502
2049209014169567260
2049209087263641988
2049209135238099031
2049209195803873371
2049209243715379663
2049209308454510704
2049209368953106438
2049209429489602998
2049209502583701531
2049209558862819504
2049209602701705238
2049209667377852751
2049209715343904780
2049209767508521098
2049209823858995427
2049209888577040824
2049209932361437289
2049210001252823358
2049210070223978802
2049210122325614947
2049210223462842470
2049210283974098951
2049210352915890276
2049210400823267833
2049210448701190251
2049210492452041183
2049210561343459434
2049210613482791284
2049210661398556861
2049210717824549223
2049210765765439688
2049210834770186672
2049210907931312295
2049210972687233358
2049211045798096997
2049211106334519685
2049211170998100242
2049211223066177862
2049211296370119038
2049211369510338812
2049211428545139053
2049211489031225596
2049211557968847260
2049211610116522386
2049211670745280554
2049211714365952433
2049211783278411872
2049211856448049544
2049211925394055196
2049211998509146449
2049212046533853253
2049212090326626719
2049212163462660151
2049212228155609482
2049212297013580058
2049212370090959260
2049212426546262285
2049212482942869972
2049212535099080857
2049212604011487465
2049212709057806800
2049212765282455817
2049212813571420270
2049212869934485717
2049212938817564723
2049212982576755197
2049213047315812568
2049213091066614251
2049213147412828237
2049213207940853969
2049213276819771502
2049213328845939149
2049213376711287252
2049213424593437139
2049213468377825395
2049213541513928806
2049213597822390696
2049213645742305547
2049213710582137139
2049213775300190320
2049213848482447693
2049213913221546098
2049213961116221820
2049214021543547133
2049214069543251983
2049214117534462270
2049214178079199572
2049214242830856416
2049214290784317752
2049214359667388771
2049214403611181318
2049214459969962013
2049214520531525729
2049214585304170984
2049214641692373468
2049214702237229396
2049214762748346628
2049214810747969692
2049214875466109182
2049214923415363641
2049214985138782418
2049215049882091841
2049215122992980377
2049215166789845152
2049215214730817911
2049215271039295692
2049215318955065409
2049215371111190719
2049215427780468851
2049215500929098079
2049215544684171408
2049215601013617145
2049215657389240375
2049215705229516830
2049215761567387797
2049215826256183390
2049215899354517783
2049215947266023870
2049215999367655761
2049216055684522130
2049216139738386525
2049216208671744482
2049216260798616035
2049216304536809652
2049216369158508841
2049216425517314254
2049216469276475561
2049216538205659263
2049216602961527262
2049216667729977430
2049216711413662133
2049216763544629263
2049216811481358694
2049216880460861496
2049216953508896776
2049217010123637112
2049217058093908070
2049217118567292989
2049217162318106697
2049217218668605628
2049217284636545372
2049217332602654781
2049217405747118283
2049217478895796587
2049217531039330397
2049217591647035579
2049217639537615266
2049217683204575495
2049217743782863297
2049217808521924774
2049217856450228363
2049217908635762706
2049217977569165423
2049218029784121723
2049218086184853525
2049218155118272786
2049218211477123242
2049218272059654417
2049218341785780348
2049218406591922203
2049218498837328108
2049218555170967919
2049218611521405420
2049218672062042314
2049218732610998569
2049218797438156894
2049218862261076151
2049218926996029500
2049218970696454333
2049219031241244741
2049219104415093005
2049219156592169471
2049219225571692544
2049219294521970922
2049219355951702317
2049219424868343822
2049219497958240423
2049219541637706050
2049219597929496839
2049219645820076313
2049219711397920920
2049219784504676434
2049219849218572465
2049219892998701326
2049219966122217595
2049220039195374015
2049220095491420667
2049220156006756498
2049220208129388864
2049220256091234311
2049220308192870400
2049220372961350052
2049220416682762616
2049220460366479826
2049220520877662700
2049220568856322188
2049220641983987998
2049220715145294254
2049220767305564338
2049220827904884993
2049220914286669846
2049220974806241784
2049221039478194520
2049221108319273415
2049221160412516835
2049221220936376684
2049221264678809729
2049221308425318412
2049221364645851421
2049221420958568888
2049221485668274569
2049221537757372697
2049221589900861770
2049221654635794629
2049221698386587946
2049221758864310604
2049221819408982431
2049221880041861381
2049221944709668882
2049222013613740199
2049222104009322647
2049222177107652645
2049222250235326903
2049222323375579469
2049222379679965668
2049262777576153482
2049262838141931896
2049262907037450747
2049262967615803771
2049263028353568793
2049263093151371426
2049263153738059907
2049263226928685279
2049263279076487531
2049263352212562339
2049263417094177224
2049263469321658784
2049263534064980050
2049263602994155660
2049263646849810538
2049263690726453424
2049263746976198683
2049263815859241153
2049263884742406655
2049263932754505914
2049264003902582818
2049264051860152391
2049264116603474264
2049264185645912435
2049264237869244456
2049264281628393799
2049264342227681733
2049264398645293446
2049264446544154738
2049264519743180876
2049264572058800315
2049264636906840269
2049264693232140694
2049264749582692431
2049264793228620106
2049264857942470900
2049264901680665020
2049264970614161859
2049265014360637743
2049265083541512271
2049265158422466634
2049265210549244396
2049265283723141319
2049265331731067014
2049265379751657978
2049265436093780180
2049265483984277907
2049265548798935326
2049265596706291909
2049265652977021190
2049265709369462901
2049265782618751148
2049265847437594666
2049265916438020169
2049265977041588503
2049266041751245009
2049266102329610336
2049266154527678801
2049266210857247206
2049266262963019923
2049266330944323630
2049266399890329651
2049266447864799360
2049266495813984383
2049266548024725718
2049266600210280736
2049266643956793441
2049266687695016154
2049266739805057076
2049266813020893601
2049266865290256640
2049266930062897435
2049267003224097262
2049267055300628880
2049267103245668369
2049267159638114482
2049267224435978437
2049267268207718457
2049267337174597668
2049267385182691748
2049267471908294806
2049267540820656421
2049267601386438697
2049267649327358287
2049267722446577773
2049267791342223414
2049267855972323628
2049267908048793712
2049267964390904174
2049268016563773579
2049268077041500181
2049268124936229345
2049268189708931569
2049268263222489600
2049268323754692914
2049268371594920337
2049268419523125446
2049268471641641157
2049268523793592394
2049268575853310191
2049268627027959973
2049268691788046354
2049268748218167366
2049268821333250256
2049268890279333918
2049268938241105974
2049268994738475342
2049269063827001763
2049269115974787384
2049269176511107416
2049269220362666348
2049269264125976788
2049269312083632348
2049269355847066063
2049269416370852286
2049269468564709772
2049269512315588682
2049269568628244630
2049269616506204541
2049269681266303073
2049269757686501756
2049269809893015840
2049269853589225678
2049269918353469751
2049269962079150212
2049270018437951970
2049270083181334720
2049270126902665531
2049270174826860954
2049270231059894596
2049270283165749513
2049270339520360926
2049270383292162442
2049270435418890634
2049270508550770807
2049270552326807656
2049270600368304563
2049270665031954918
2049270717183922427
2049270769239437599
2049270848843137112
2049270917709390170
2049270969844498785
2049271038731805092
2049271103470845953
2049271147263558028
2049271207783170383
2049271264150491412
2049271320488403187
2049271380999651803
2049271454156644388
2049271506333733318
2049271550113911250
2049271619068236092
2049271662823317683
2049271706548924446
2049271762911895810
2049271827693023395
2049271900799709374
2049271969749795256
2049272035634041279